-9.492775219170912493e-03 9.771724592293993261e-01 -2.495540217930436733e-01 9.183794688695182673e-01 2.628726162202244865e+00 6.772394490070342332e-13 4.834023055890138143e-02 -2.179519143779803238e-12 4.633095348276313613e-02 5.990086861376492378e-02 1.251953784611617160e-01 -4.627642361622936185e-01 2.028736865506469700e-01
-4.581940504859405641e-03 9.842925204606948197e-01 -2.044029883858872881e-02 9.697202274411588219e-01 3.908307994661087137e-01 -2.085824951617773066e-11 3.985086769771630649e-02 -5.593585052061543766e-10 4.959586485477923690e-02 1.188978071646687590e-01 1.309873011307862156e-01 -4.413539068660512488e-01 2.308871825846061654e-01
2.031638921479173021e-04 9.933441286119842895e-01 -2.167465063297480121e-02 9.895005284915783239e-01 3.836443158742071091e-01 -4.189863967566033680e-12 4.257819468021823567e-02 -2.216140570349608181e-12 4.995304783301652424e-02 1.585211196665690936e-01 1.520196875576249884e-01 -3.732347784731007145e-01 2.479897205604314203e-01
9.226725486819908895e-03 1.013457149112766631e+00 -3.440657167026794916e-02 1.013178600196579682e+00 5.871220249204258668e-01 1.434637354732774418e-10 5.290444745829044060e-02 -2.192947667221829790e-12 5.921601604842131189e-02 2.515184896655131563e-01 1.885319004677768195e-01 -2.894921337499715697e-01 2.806970607207872059e-01
2.129426683419644029e-03 9.761253477934797029e-01 -1.271809473422045034e-01 9.710729185226459892e-01 3.572719841278648722e+00 -5.859544061753582319e-11 7.574332416961591929e-02 -2.163243334912280047e-12 9.103458366781673472e-02 4.133731385264967639e-01 2.817616473020910228e-01 -1.833755345020479377e-01 3.630814145739271193e-01
1.813094810714543925e-02 1.050327004426278243e+00 9.095342827800047270e-02 1.094190319837989200e+00 -3.303155638206858757e+00 -1.249003224754582412e-10 1.117566190083184169e-01 -2.145993700202504096e-12 1.516224411820003559e-01 4.219037464686802297e-01 3.836406277512521834e-01 -4.049178532191684970e-02 4.815045817088281499e-01
1.813094810714543925e-02 1.050327004426278243e+00 9.095342827800047270e-02 1.094190319837989200e+00 -3.303155638206858757e+00 -1.249003224754582412e-10 1.117566190083184169e-01 -2.145993700202504096e-12 1.516224411820003559e-01 4.219037464686802297e-01 3.836406277512521834e-01 -4.049178532191684970e-02 4.815045817088281499e-01
1.813094810714543925e-02 1.050327004426278243e+00 9.095342827800047270e-02 1.094190319837989200e+00 -3.303155638206858757e+00 -1.249003224754582412e-10 1.117566190083184169e-01 -2.145993700202504096e-12 1.516224411820003559e-01 4.219037464686802297e-01 3.836406277512521834e-01 -4.049178532191684970e-02 4.815045817088281499e-01
1.813094810714543925e-02 1.050327004426278243e+00 9.095342827800047270e-02 1.094190319837989200e+00 -3.303155638206858757e+00 -1.249003224754582412e-10 1.117566190083184169e-01 -2.145993700202504096e-12 1.516224411820003559e-01 4.219037464686802297e-01 3.836406277512521834e-01 -4.049178532191684970e-02 4.815045817088281499e-01
1.813094810714543925e-02 1.050327004426278243e+00 9.095342827800047270e-02 1.094190319837989200e+00 -3.303155638206858757e+00 -1.249003224754582412e-10 1.117566190083184169e-01 -2.145993700202504096e-12 1.516224411820003559e-01 4.219037464686802297e-01 3.836406277512521834e-01 -4.049178532191684970e-02 4.815045817088281499e-01
1.813094810714543925e-02 1.050327004426278243e+00 9.095342827800047270e-02 1.094190319837989200e+00 -3.303155638206858757e+00 -1.249003224754582412e-10 1.117566190083184169e-01 -2.145993700202504096e-12 1.516224411820003559e-01 4.219037464686802297e-01 3.836406277512521834e-01 -4.049178532191684970e-02 4.815045817088281499e-01
