-1.260391834066609817e-02 9.806528640487864878e-01 -2.934207318056936131e-03 9.556832304379939691e-01 1.538147741031968829e-01 -5.943773535740982261e-11 4.856563906526994989e-02 -2.173889711230586312e-12 6.032654846932310883e-02 1.124635998342858045e-01 1.623358204715095177e-01 -4.039666535424404348e-01 2.792704052561832961e-01
-8.250985946754756800e-03 9.737234575367818001e-01 -1.831706742023042622e-03 9.756531273892742329e-01 1.546806608641002612e-01 1.148763830264395950e-10 5.111553516282361931e-02 -8.608617823835112485e-11 5.920876646401450338e-02 1.559551415307449118e-01 1.720718412965258348e-01 -4.270547017235319931e-01 2.611220633873532204e-01
4.297056092853135389e-03 9.947521387667556114e-01 -5.360201502260908413e-03 9.708579801918716390e-01 2.618666738929743554e-01 -6.584644879764636350e-11 5.462483153777080574e-02 -2.132931445191522671e-12 6.216108532985787499e-02 1.871238847427120766e-01 1.869205455009413652e-01 -3.121463299781936374e-01 2.987717679778179591e-01
1.214674635462298369e-02 1.011225108034969900e+00 -1.382973968717159628e-02 9.966261214960941972e-01 4.716314622006171353e-01 7.821681534966321881e-12 6.745248011736626470e-02 -2.287335837044793629e-12 7.581946611627010668e-02 2.782891620817196099e-01 2.224381335877524402e-01 -1.760675139897633357e-01 3.757652735297147828e-01
2.405886152520108137e-02 1.040159345434415794e+00 -8.109663596325688076e-03 1.021677283721966312e+00 3.017120065070050816e-01 2.509458663112150941e-11 7.809255891357112789e-02 2.968306991325803733e-10 8.954189518456687202e-02 3.716025392623344414e-01 2.894591654715680806e-01 2.974366347738467697e-02 4.746932846213527402e-01
4.134500380236730971e-02 1.040488145963217592e+00 8.762881574107996008e-02 1.036625247965914820e+00 -2.877750718163029298e+00 6.881899541338610518e-11 9.888026382991328689e-02 -2.817911695032490460e-10 1.169381858348673003e-01 5.205840088251069142e-01 3.408880597276697788e-01 3.432633732873310861e-01 6.085040878258353159e-01
5.025415484920026099e-02 1.020775038817480995e+00 -3.493140965410602705e-01 1.031864789969961782e+00 1.259832547339188835e+01 4.819878604011042993e-11 1.383293174555140781e-01 -2.020486391942336262e-12 1.666784372454500895e-01 7.650107044910530174e-01 4.149686667557194730e-01 7.169332439647870814e-01 6.547415741678375145e-01
2.375760584630370875e-02 1.018498863525601372e+00 -3.670486929530904496e-01 9.577617064885906029e-01 1.455200188559844854e+01 -1.632219322663293679e-10 1.646440694004017435e-01 -2.091053256473666449e-12 2.383361753849989051e-01 9.507909138997395759e-01 4.817835846740953221e-01 9.474199506971571205e-01 7.071580009735354277e-01
2.375760584630370875e-02 1.018498863525601372e+00 -3.670486929530904496e-01 9.577617064885906029e-01 1.455200188559844854e+01 -1.632219322663293679e-10 1.646440694004017435e-01 -2.091053256473666449e-12 2.383361753849989051e-01 9.507909138997395759e-01 4.817835846740953221e-01 9.474199506971571205e-01 7.071580009735354277e-01
2.375760584630370875e-02 1.018498863525601372e+00 -3.670486929530904496e-01 9.577617064885906029e-01 1.455200188559844854e+01 -1.632219322663293679e-10 1.646440694004017435e-01 -2.091053256473666449e-12 2.383361753849989051e-01 9.507909138997395759e-01 4.817835846740953221e-01 9.474199506971571205e-01 7.071580009735354277e-01
2.375760584630370875e-02 1.018498863525601372e+00 -3.670486929530904496e-01 9.577617064885906029e-01 1.455200188559844854e+01 -1.632219322663293679e-10 1.646440694004017435e-01 -2.091053256473666449e-12 2.383361753849989051e-01 9.507909138997395759e-01 4.817835846740953221e-01 9.474199506971571205e-01 7.071580009735354277e-01
