-2.109393465503730525e-01 4.833044666791534993e-01 5.854057785796658309e-02 8.243141078662993282e-01 -2.542332120156470809e-01 1.237223622163607928e-10 1.075898905626117424e-01 -2.158466461121832855e-12 1.761591885799527746e-01 6.335484385490416925e-02 1.590812144288223096e-01 -4.279008388519286998e-01 2.065410558866921098e-01
-1.409371397854264352e-02 8.689903874834314923e-01 3.013176501018756046e-02 6.883645006956931045e-01 2.760063230636619624e-01 1.024587663162213377e-11 1.335102851343318020e-01 -2.165912656665634959e-12 1.286491730116321452e-01 1.477056941249339783e-01 1.719400560155597280e-01 -1.742944594616541998e-01 2.468405916423361823e-01
1.470754919117521139e-02 8.210194151525976869e-01 1.583229996512449111e-01 7.521108830058792494e-01 -1.364178899270425793e+00 2.166734380665856423e-11 1.558701648265744255e-01 1.270060758959608343e-10 1.738636287601891539e-01 2.888600123868443892e-01 2.175875037714923577e-01 -2.261505285239318735e-02 2.994538285210054385e-01
3.679556230820757445e-02 8.804837380872324593e-01 -5.423275018260980129e-01 8.665314883720458550e-01 1.276922381018067121e+01 -5.373635808625845573e-15 1.748238133910654801e-01 -2.125426595286408435e-12 1.749007779724943701e-01 3.249567193044742841e-01 2.578951962960189803e-01 9.799497899874834439e-02 3.090629195903426552e-01
3.679556230820757445e-02 8.804837380872324593e-01 -5.423275018260980129e-01 8.665314883720458550e-01 1.276922381018067121e+01 -5.373635808625845573e-15 1.748238133910654801e-01 -2.125426595286408435e-12 1.749007779724943701e-01 3.249567193044742841e-01 2.578951962960189803e-01 9.799497899874834439e-02 3.090629195903426552e-01
3.679556230820757445e-02 8.804837380872324593e-01 -5.423275018260980129e-01 8.665314883720458550e-01 1.276922381018067121e+01 -5.373635808625845573e-15 1.748238133910654801e-01 -2.125426595286408435e-12 1.749007779724943701e-01 3.249567193044742841e-01 2.578951962960189803e-01 9.799497899874834439e-02 3.090629195903426552e-01
3.679556230820757445e-02 8.804837380872324593e-01 -5.423275018260980129e-01 8.665314883720458550e-01 1.276922381018067121e+01 -5.373635808625845573e-15 1.748238133910654801e-01 -2.125426595286408435e-12 1.749007779724943701e-01 3.249567193044742841e-01 2.578951962960189803e-01 9.799497899874834439e-02 3.090629195903426552e-01
3.679556230820757445e-02 8.804837380872324593e-01 -5.423275018260980129e-01 8.665314883720458550e-01 1.276922381018067121e+01 -5.373635808625845573e-15 1.748238133910654801e-01 -2.125426595286408435e-12 1.749007779724943701e-01 3.249567193044742841e-01 2.578951962960189803e-01 9.799497899874834439e-02 3.090629195903426552e-01
3.679556230820757445e-02 8.804837380872324593e-01 -5.423275018260980129e-01 8.665314883720458550e-01 1.276922381018067121e+01 -5.373635808625845573e-15 1.748238133910654801e-01 -2.125426595286408435e-12 1.749007779724943701e-01 3.249567193044742841e-01 2.578951962960189803e-01 9.799497899874834439e-02 3.090629195903426552e-01
3.679556230820757445e-02 8.804837380872324593e-01 -5.423275018260980129e-01 8.665314883720458550e-01 1.276922381018067121e+01 -5.373635808625845573e-15 1.748238133910654801e-01 -2.125426595286408435e-12 1.749007779724943701e-01 3.249567193044742841e-01 2.578951962960189803e-01 9.799497899874834439e-02 3.090629195903426552e-01
3.679556230820757445e-02 8.804837380872324593e-01 -5.423275018260980129e-01 8.665314883720458550e-01 1.276922381018067121e+01 -5.373635808625845573e-15 1.748238133910654801e-01 -2.125426595286408435e-12 1.749007779724943701e-01 3.249567193044742841e-01 2.578951962960189803e-01 9.799497899874834439e-02 3.090629195903426552e-01
