5.980661661885022795e-02 1.042510414775335459e+00 -1.383242435246368196e-01 1.057953970796336129e+00 -5.970481978298496806e+00 6.417455246455488187e-11 1.277779680381471161e-01 -1.972239981392180831e-12 2.045877049671112335e-01 -6.743343461234614367e-01 3.651620059893957992e-01 8.332552999820349582e-01 6.409258348142893302e-01
5.980661661885022795e-02 1.042510414775335459e+00 -1.383242435246368196e-01 1.057953970796336129e+00 -5.970481978298496806e+00 6.417455246455488187e-11 1.277779680381471161e-01 -1.972239981392180831e-12 2.045877049671112335e-01 -6.743343461234614367e-01 3.651620059893957992e-01 8.332552999820349582e-01 6.409258348142893302e-01
5.980661661885022795e-02 1.042510414775335459e+00 -1.383242435246368196e-01 1.057953970796336129e+00 -5.970481978298496806e+00 6.417455246455488187e-11 1.277779680381471161e-01 -1.972239981392180831e-12 2.045877049671112335e-01 -6.743343461234614367e-01 3.651620059893957992e-01 8.332552999820349582e-01 6.409258348142893302e-01
5.980661661885022795e-02 1.042510414775335459e+00 -1.383242435246368196e-01 1.057953970796336129e+00 -5.970481978298496806e+00 6.417455246455488187e-11 1.277779680381471161e-01 -1.972239981392180831e-12 2.045877049671112335e-01 -6.743343461234614367e-01 3.651620059893957992e-01 8.332552999820349582e-01 6.409258348142893302e-01
5.980661661885022795e-02 1.042510414775335459e+00 -1.383242435246368196e-01 1.057953970796336129e+00 -5.970481978298496806e+00 6.417455246455488187e-11 1.277779680381471161e-01 -1.972239981392180831e-12 2.045877049671112335e-01 -6.743343461234614367e-01 3.651620059893957992e-01 8.332552999820349582e-01 6.409258348142893302e-01
2.114070271236055329e-02 1.022529443560612705e+00 -7.966626511940688715e-03 9.636362343395449281e-01 -4.164804556191969986e-02 1.925103867167161663e-11 1.288618566708004121e-01 2.312553098510699768e-09 1.598452757420816828e-01 -4.830879527617265579e-01 3.513704242739976724e-01 4.300299965761562038e-01 5.173358991540843999e-01
2.361333699479744100e-02 1.000796298599464063e+00 1.122276799550924603e-01 1.007285721601450357e+00 3.052406994164393872e+00 -4.665614838618041301e-11 1.031743387868113010e-01 -6.192230175572904343e-11 1.160485538947901851e-01 -3.386265238339985495e-01 3.138921461275986369e-01 1.080015262566803580e-01 4.099638074775525109e-01
7.347563363411024895e-03 9.859295729124362140e-01 -1.222917824329616820e-02 9.776893278103693241e-01 -4.391809983908245840e-02 -8.496701153062271935e-11 7.806565275384647062e-02 -2.224673923966675210e-12 8.234265155761803789e-02 -2.858575678760220673e-01 2.306303534167405966e-01 -5.692227932775444782e-02 3.326682109243724872e-01
6.569630373181652595e-04 9.823984272046727417e-01 -8.359099646116030513e-03 9.799678644710418940e-01 -2.239918691192399613e-02 -9.417216829365183876e-11 5.662671711809353498e-02 -1.872359360952386783e-09 7.106234851204598635e-02 -1.790235059787577965e-01 1.792012005518650586e-01 -1.747249174975444297e-01 3.124975777426227674e-01
-1.290373412597523028e-03 9.784916676375698952e-01 1.177783531782574528e-02 9.536493114248913994e-01 3.006284109164379381e-01 4.988980685524191306e-11 5.179789917557044154e-02 -2.278975119263525133e-12 6.285321411630916122e-02 -1.189761176593893965e-01 1.517303347338975483e-01 -1.776731533195998192e-01 3.099995388897426318e-01
2.776649419596322055e-03 9.763837509474702081e-01 -5.439985585836683291e-02 9.335962662868202422e-01 -3.162345225023338591e-01 5.644206565046052104e-12 4.661310797547405654e-02 -2.172416005627927528e-12 5.727480308432979922e-02 -1.095373874916302642e-01 1.493432090283627611e-01 -1.005089223249083508e-01 2.943380643155560916e-01
