-6.419731336742673378e-03 9.803991886501610686e-01 4.037488071572314929e-02 9.325910992178655379e-01 -3.367654569269662446e-01 7.542437548191955345e-10 4.943818235497569880e-02 -2.142326019164677742e-12 6.301840843340116016e-02 1.355295476287302348e-01 1.360680458364942058e-01 -5.882045861446496549e-01 3.046064332692378640e-01
-6.419731336742673378e-03 9.803991886501610686e-01 4.037488071572314929e-02 9.325910992178655379e-01 -3.367654569269662446e-01 7.542437548191955345e-10 4.943818235497569880e-02 -2.142326019164677742e-12 6.301840843340116016e-02 1.355295476287302348e-01 1.360680458364942058e-01 -5.882045861446496549e-01 3.046064332692378640e-01
-2.115553421561050876e-03 9.784019024662917730e-01 -4.706614690615396057e-03 9.633929695422732697e-01 2.715751541756995513e-01 9.644782902090604086e-11 6.165158607231558535e-02 -1.272863881694294200e-09 7.688000289206546600e-02 1.974781300930902317e-01 1.712839596881166326e-01 -4.252553606383828733e-01 3.275676897931942277e-01
5.311152269228773364e-03 9.879932814063400182e-01 3.373791784709267993e-02 9.756746078865847771e-01 -4.417639990486121881e-01 3.067836115004225537e-10 7.596275649374895078e-02 4.783011590032911923e-10 8.561982969497530793e-02 2.779241516732578465e-01 2.190674446698602507e-01 -2.744574018189531728e-01 3.355697988163098833e-01
1.995442000122338300e-02 9.971851454021060102e-01 -1.782781114090337127e-02 9.699886405081079577e-01 1.010382192396443335e+00 -1.046004485058143194e-12 8.716391958553618147e-02 -2.176514929143732600e-12 1.027089009593866731e-01 2.989935277913143841e-01 2.780492816051607363e-01 -8.426192149182036573e-02 3.896342636141071902e-01
2.381657779404256284e-02 1.023010478698215264e+00 -1.037939967965535205e-02 1.007093051185947274e+00 5.566108703339288644e-01 -1.491423919489791114e-10 8.511713340984783382e-02 -3.108137723719910478e-10 1.101696788302660712e-01 3.122610838220937768e-01 3.291540649756203862e-01 2.289672132733036602e-01 4.638779587988038910e-01
3.000465336750224310e-02 1.014533470207780841e+00 4.072763250114352918e-02 1.037234007406636849e+00 -1.643557854449431144e+00 1.593713271901194979e-09 1.002205372974901004e-01 -2.067270781009509134e-12 1.332830606827945796e-01 4.049749837713202960e-01 3.943526382274361586e-01 6.159314916201448220e-01 6.260871914659654758e-01
5.302596981269891430e-02 9.852435536384628323e-01 -5.727558373376686607e-01 1.023033310715127708e+00 2.402278841055616709e+01 8.006402371394992894e-15 1.444276765255077255e-01 -2.101820674104323754e-12 2.263828330251368148e-01 6.644647938210274107e-01 5.211683332921516199e-01 1.146444998530466330e+00 7.261357060246065309e-01
7.813459983970816314e-02 9.735171175106234198e-01 -3.224422397920879702e-01 9.708359370893043794e-01 1.491532483862945035e+01 -1.307334134925844486e-10 1.659705549587581486e-01 -2.095880720884354548e-12 3.077979317119465819e-01 7.583297481973663157e-01 6.005724537670182883e-01 1.473577368350429406e+00 7.714534952577426496e-01
-3.943418120191832799e-02 3.014384449709529568e-01 -2.483930499024582517e-01 9.680295644944694189e-01 1.309059193891922668e+01 1.135413909900342812e-10 2.019071858981955903e-01 -4.669905487949458825e-12 1.992246631969344861e+01 6.859440378042367392e-01 6.437110670081197528e-01 1.578195143479567353e+00 9.786277160625458382e-01
-4.114214234256730052e-03 1.012412576903663375e+00 -2.429476577914515545e-01 9.747698156895648891e-01 8.797967529214748339e+00 -1.718228254121711984e-09 2.349649783955152782e-01 -2.164685097838514594e-12 4.002177376999029867e-01 8.755105435848236084e-01 5.724862728352196894e-01 9.241318702697753906e-01 1.195188496841171677e+00
