1.319653556032933661e-01 9.492571796273222562e-01 -3.864316838240552943e-01 9.450940038613420136e-01 -1.757953595706131722e+01 2.170559521101937577e-10 3.020449919516882131e-01 -1.981239635469836587e-12 4.910241266010916816e-01 -7.802564156155625819e-01 7.363348449349673697e-01 7.960085828765099958e-01 9.712896166020282829e-01
1.319653556032933661e-01 9.492571796273222562e-01 -3.864316838240552943e-01 9.450940038613420136e-01 -1.757953595706131722e+01 2.170559521101937577e-10 3.020449919516882131e-01 -1.981239635469836587e-12 4.910241266010916816e-01 -7.802564156155625819e-01 7.363348449349673697e-01 7.960085828765099958e-01 9.712896166020282829e-01
1.319653556032933661e-01 9.492571796273222562e-01 -3.864316838240552943e-01 9.450940038613420136e-01 -1.757953595706131722e+01 2.170559521101937577e-10 3.020449919516882131e-01 -1.981239635469836587e-12 4.910241266010916816e-01 -7.802564156155625819e-01 7.363348449349673697e-01 7.960085828765099958e-01 9.712896166020282829e-01
2.599010662204770394e-02 1.029311264954653637e+00 1.860796673387909439e-01 9.142976783674597874e-01 9.403788996053668470e+00 -1.094807971158067251e-09 2.837836485192929969e-01 -2.069733583775611575e-12 3.121620308532160881e-01 -9.004442864956136994e-01 6.434126659081083055e-01 8.619908167663232756e-01 7.670956288680975677e-01
4.758791645552336996e-02 9.888171487957798655e-01 -1.919613850790972687e-01 9.928847275572185715e-01 -6.902610924321187724e+00 -5.041540676629914267e-10 1.868156229285073966e-01 -1.414280521047352353e-09 2.860641646857584597e-01 -6.502641524391612471e-01 5.400302249911997921e-01 6.441542000606141904e-01 7.329703767704780493e-01
4.232140079632319696e-02 9.596215870789179814e-01 -1.900864378591564097e-01 9.854511958477514266e-01 -5.730419961792780903e+00 -1.969171628774418451e-10 1.752904139064312694e-01 5.614384996945144599e-10 2.194454634120334979e-01 -5.868514013663906903e-01 4.450104661197763489e-01 4.458509798772030130e-01 6.398134131000859925e-01
2.043243152651326097e-02 9.848366702416703200e-01 -7.303673360674389770e-03 9.877680557017343155e-01 4.084988146306611778e-02 -2.136054407979791763e-10 1.258311038557785588e-01 -1.329823762882281752e-09 1.821644049751891536e-01 -4.920232815528983727e-01 3.552025484952674450e-01 3.528209059985715768e-01 6.092495799128141432e-01
7.565713325908829390e-03 9.923336066732016958e-01 5.273239693060755712e-02 1.025543965197353691e+00 1.154879880287956961e+00 -7.766088656342835587e-12 8.511552574519684611e-02 -2.181098979286400538e-12 1.230221693852533438e-01 -3.316187602498866793e-01 2.913425188864318116e-01 2.516683042399885939e-01 4.321953689736018900e-01
6.289716341388196241e-03 9.964065434467030968e-01 1.196619715784674742e-02 9.992784209155429753e-01 3.036614058587132625e-01 -4.391286085059639928e-11 6.433825550671376514e-02 -2.246974216080101987e-12 7.464758437812944736e-02 -2.058331432952184015e-01 2.280819615195572025e-01 9.689279348625066957e-02 3.835253823523550043e-01
2.074917284735754413e-03 9.741039307396384128e-01 3.276179437083392987e-02 9.742737403892042236e-01 6.050193937058101490e-01 -2.484876403952936923e-11 5.981449859965481258e-02 3.532650017088030680e-10 7.388732077761657469e-02 -1.125716493435691135e-01 1.824990872565179223e-01 1.162618388357726648e-03 3.379609788776855583e-01
-8.003908915067858842e-03 1.013258515223307343e+00 -4.551693397393741236e-02 9.097479142914060013e-01 -1.803269733623220628e-01 2.448072603577650765e-10 4.551816243891342040e-02 -2.195415244398311923e-12 6.209128715452294500e-02 -1.439564616967600186e-01 1.132187382610948534e-01 7.585706778451906107e-02 3.059359026646266133e-01
